{"camera_angle_x": 1.5707963267948966, "camera_angle_y": 1.5707963267948966, "fl_x": 256.00000000000006, "fl_y": 256.00000000000006, "k1": 0.0, "k2": 0.0, "p1": 0.0, "p2": 0.0, "cx": 256.0, "cy": 256.0, "w": 512, "h": 512, "aabb_scale": 4, "frames": [{"file_path": "data/nerfstudio/hubble_mask/img0000.png", "sharpness": 347.6548538208008, "transform_matrix": [[0.4394093355691566, 0.8194931242386546, -0.3679000613485153, -4.8254754159543545], [-0.8305628579045202, 0.21463486916653185, -0.5139038937460404, -3.556461751100568], [-0.34217652591045455, 0.5313782948742212, 0.7749531165511997, 6.6319993864073625], [0.0, 0.0, 0.0, 1.0]]}, {"file_path": "data/nerfstudio/hubble_mask/img0001.png", "sharpness": 454.7612533569336, "transform_matrix": [[-0.8002645288558115, 0.45467669905696373, 0.39095496312215955, 0.3405058030670398], [0.5336897534275502, 0.8373163541369424, 0.1186447225175205, 0.7902101520940323], [-0.27340799355839374, 0.30359582083665426, -0.9127308730556294, -5.890013944419224], [0.0, 0.0, 0.0, 1.0]]}, {"file_path": "data/nerfstudio/hubble_mask/img0002.png", "sharpness": 195.48524475097656, "transform_matrix": [[-0.9342145496806898, -0.21097095668821902, -0.28763593412326544, -3.112512235726472], [-0.3546767549743672, 0.4633671988688849, 0.8120931218113204, 4.732318429243843], [-0.038047005739723944, 0.860686989820609, -0.5077108733401132, -3.7451211325692055], [0.0, 0.0, 0.0, 1.0]]}, {"file_path": "data/nerfstudio/hubble_mask/img0003.png", "sharpness": 283.3439025878906, "transform_matrix": [[-0.390877900722172, -0.4157114000388128, -0.8212176925790129, -6.192162685620424], [-0.9151698699692979, 0.08016500754709033, 0.39501605114900507, 2.404626256891602], [-0.09837975313755543, 0.9059567337587073, -0.41178127777965867, -2.177325333684509], [0.0, 0.0, 0.0, 1.0]]}, {"file_path": "data/nerfstudio/hubble_mask/img0004.png", "sharpness": 130.39483642578125, "transform_matrix": [[-0.9484921019566186, 0.11536211789291839, 0.29504968103893275, 0.19527577829846576], [0.2541668499710051, 0.8330511693012219, 0.4913501416522477, 3.290074105747234], [-0.18910828882344663, 0.5410335766670381, -0.8194636807187615, -5.6894770271907555], [0.0, 0.0, 0.0, 1.0]]}, {"file_path": "data/nerfstudio/hubble_mask/img0005.png", "sharpness": 589.9401931762695, "transform_matrix": [[-0.5228367947272122, 0.09811460975644626, 0.8467675061265137, 2.1281870268416934], [0.6383881427772953, -0.6132096191425762, 0.4652252595811755, 2.899655498646217], [0.5648913747267967, 0.7838032191458244, 0.2579733482666622, 0.7630988723630228], [0.0, 0.0, 0.0, 1.0]]}, {"file_path": "data/nerfstudio/hubble_mask/img0006.png", "sharpness": 330.0965805053711, "transform_matrix": [[0.16472548235229412, 0.8867127394924404, -0.4319792044596772, -5.330146573857547], [-0.9566936057739284, 0.037066878195460326, -0.28872719167429034, -2.1870137471137037], [-0.24000595854079015, 0.4608324686506523, 0.8544182674207417, 7.009089339226624], [0.0, 0.0, 0.0, 1.0]]}, {"file_path": "data/nerfstudio/hubble_mask/img0007.png", "sharpness": 509.6115698669455, "transform_matrix": [[-0.9881189119537734, -0.09905102214820119, 0.11751557705550184, -1.8381734166685588], [0.1473590461976062, -0.3933674866979333, 0.907495086439967, 5.020391217932692], [-0.04366150871216881, 0.9140300407647157, 0.40328991710260914, 1.6520928996803386], [0.0, 0.0, 0.0, 1.0]]}, {"file_path": "data/nerfstudio/hubble_mask/img0008.png", "sharpness": 127.7054214477539, "transform_matrix": [[-0.26900161999965966, 0.944412041078053, 0.18900800275211851, -0.9409712646404207], [0.8835082850719437, 0.16382945354669293, 0.4388314259027322, 3.7419553385561724], [0.3834726048191603, 0.28503650085099297, -0.8784662512218838, -5.661420454549126], [0.0, 0.0, 0.0, 1.0]]}, {"file_path": "data/nerfstudio/hubble_mask/img0009.png", "sharpness": 280.48619079589844, "transform_matrix": [[-0.6325340111860478, 0.34503851666141205, 0.6934328710935049, 1.8654963857413276], [0.7696695324419549, 0.38018041668811375, 0.5129051194884245, 3.6808176290082226], [-0.08665757626123338, 0.8581440862622927, -0.5060426777353701, -3.4734263973943698], [0.0, 0.0, 0.0, 1.0]]}, {"file_path": "data/nerfstudio/hubble_mask/img0010.png", "sharpness": 417.64244079589844, "transform_matrix": [[0.6720684022330189, 0.6831745121949568, -0.2856512709706363, -4.421514890474324], [-0.7166796674499188, 0.5030779147839246, -0.4829936499795129, -3.927618120777028], [-0.18626410546272984, 0.5293252285163074, 0.8277200525976933, 6.447539693135288], [0.0, 0.0, 0.0, 1.0]]}, {"file_path": "data/nerfstudio/hubble_mask/img0011.png", "sharpness": 392.3163525829441, "transform_matrix": [[-0.9794109857242965, 0.18281717280719645, 0.08562711234968512, -2.348549744002578], [0.09611290222033808, 0.04927231038061447, 0.9941501644402319, 5.400971089852405], [0.17752867675208317, 0.9819114627890541, -0.0658289311330078, 0.2595334294105811], [0.0, 0.0, 0.0, 1.0]]}, {"file_path": "data/nerfstudio/hubble_mask/img0012.png", "sharpness": 830.2903695336863, "transform_matrix": [[-0.9541640582446546, 0.20353179037023325, -0.21942142161324812, -3.4044814090624103], [-0.2792197540067511, -0.8693115264762696, 0.4078404086256136, 3.050556011437445], [-0.10773708241130717, 0.45041345477703654, 0.8862959104211829, 4.977016553721782], [0.0, 0.0, 0.0, 1.0]]}, {"file_path": "data/nerfstudio/hubble_mask/img0013.png", "sharpness": 696.2321662249595, "transform_matrix": [[-0.4715827254591072, 0.4629514298554302, 0.7505236216424992, 0.8061028950139697], [-0.31684379172581073, -0.8832250889612365, 0.34572164218374757, 1.5702028825958045], [0.8229336210736391, -0.07476239578978719, 0.5631969810664823, 4.198664838039266], [0.0, 0.0, 0.0, 1.0]]}, {"file_path": "data/nerfstudio/hubble_mask/img0014.png", "sharpness": 460.7949405328691, "transform_matrix": [[0.12549429180592556, 0.6933008454935384, 0.7096373160721425, 2.180175152559658], [0.9817955993336045, -0.18958608852244818, 0.011598110532626715, -0.10183197539821442], [0.14257834286208326, 0.6952632973749608, -0.7044716910352034, -3.73273034157765], [0.0, 0.0, 0.0, 1.0]]}, {"file_path": "data/nerfstudio/hubble_mask/img0015.png", "sharpness": 338.8601837158203, "transform_matrix": [[0.4672646021302256, 0.7559642520641351, -0.4584559315759748, -6.069918484086349], [-0.8640902811533929, 0.28073903633507774, -0.41777216218161567, -3.2088372943130947], [-0.18711434368410212, 0.5913574579548015, 0.7844007772235458, 6.046985847323629], [0.0, 0.0, 0.0, 1.0]]}, {"file_path": "data/nerfstudio/hubble_mask/img0016.png", "sharpness": 410.70686720740923, "transform_matrix": [[0.2005225851274337, -0.790522689952533, -0.5786748392007575, -5.652799239001469], [-0.9655116462411808, -0.25958672392915044, 0.02004978135482155, -0.26691040444734937], [-0.1660661128179262, 0.5546968626465654, -0.8153118647141112, -3.58429716423844], [0.0, 0.0, 0.0, 1.0]]}, {"file_path": "data/nerfstudio/hubble_mask/img0017.png", "sharpness": 644.154426574707, "transform_matrix": [[0.45668498195913343, 0.6045794306560963, -0.6526274122962782, -6.797787073388664], [-0.8409554629233698, 0.05405159122046169, -0.5383979335638994, -3.7818086869054826], [-0.29022876603177483, 0.7947088382005617, 0.533108924942724, 3.0594857050219337], [0.0, 0.0, 0.0, 1.0]]}, {"file_path": "data/nerfstudio/hubble_mask/img0018.png", "sharpness": 768.5471496582031, "transform_matrix": [[-0.6729713282366329, 0.7348828274263756, 0.08400488869844461, -1.8532447457977814], [-0.6269412804014602, -0.6269835104305019, 0.46242438146882187, 2.2343254167146744], [0.39249741693417506, 0.2585322177254914, 0.8826703065686189, 5.599314294585237], [0.0, 0.0, 0.0, 1.0]]}, {"file_path": "data/nerfstudio/hubble_mask/img0019.png", "sharpness": 358.02001190185547, "transform_matrix": [[-0.2804023986273423, 0.950225883836441, -0.13581334445218435, -2.900366736430251], [-0.8999330675229211, -0.3094642514887374, -0.30716827803225555, -2.1997935908614537], [-0.3339086234627949, 0.036092197740926535, 0.9419142128874642, 7.2455075100519775], [0.0, 0.0, 0.0, 1.0]]}, {"file_path": "data/nerfstudio/hubble_mask/img0020.png", "sharpness": 372.1002731323242, "transform_matrix": [[-0.8150324739658594, 0.3450478381345656, 0.4654718635747528, 0.4925248511733922], [0.5645580660586602, 0.29215990784241175, 0.7719564614002651, 5.096498074330782], [0.1303696913749352, 0.8919554796334714, -0.4329193526774104, -2.289835072400739], [0.0, 0.0, 0.0, 1.0]]}, {"file_path": "data/nerfstudio/hubble_mask/img0021.png", "sharpness": 259.74991607666016, "transform_matrix": [[-0.5167734728628812, 0.7356854424760662, 0.43784941186900317, 0.924813356719755], [0.8555971786563752, 0.42589497538535004, 0.2942225990925293, 2.441940184391489], [0.029977418509406578, 0.5266691557992618, -0.8495416144658277, -5.609816843802766], [0.0, 0.0, 0.0, 1.0]]}, {"file_path": "data/nerfstudio/hubble_mask/img0022.png", "sharpness": 678.9977016461635, "transform_matrix": [[-0.8545834986906911, -0.38051577460300356, 0.3534045685101631, 0.9346126423300043], [0.44126636127651286, -0.8908742405815464, 0.1078289658396065, 1.4758654869963568], [0.27380840412844054, 0.24809440289238582, 0.929235236676971, 4.102169786806548], [0.0, 0.0, 0.0, 1.0]]}, {"file_path": "data/nerfstudio/hubble_mask/img0023.png", "sharpness": 605.3562774209859, "transform_matrix": [[-0.19629796966804333, 0.7379569416608477, 0.6456676074876084, 1.003452582853967], [0.8738462118210584, 0.43037059422916146, -0.22621659910100433, -2.016645836596595], [-0.44481446153445825, 0.5198083337898758, -0.7293417518093992, -3.5287554083970134], [0.0, 0.0, 0.0, 1.0]]}, {"file_path": "data/nerfstudio/hubble_mask/img0024.png", "sharpness": 619.2622375278152, "transform_matrix": [[0.14124299483357397, 0.6983319602564662, -0.7016999997825313, -6.696531930225653], [-0.8994875536101721, 0.3865772843225507, 0.20366674776749832, 1.9907560681546645], [0.4134882795326017, 0.6024039147699517, 0.6827422399112316, 3.481890076175863], [0.0, 0.0, 0.0, 1.0]]}, {"file_path": "data/nerfstudio/hubble_mask/img0025.png", "sharpness": 517.1240539550781, "transform_matrix": [[0.010109369214459984, 0.3102743284142407, 0.9505933104020761, 2.6074594044805557], [0.8693333681488744, 0.46703069574330536, -0.16168433522285916, -0.5373090164975853], [-0.4941227536523891, 0.8280170109125875, -0.26501044123272655, -2.090481845940941], [0.0, 0.0, 0.0, 1.0]]}, {"file_path": "data/nerfstudio/hubble_mask/img0026.png", "sharpness": 107.13890075683594, "transform_matrix": [[-0.6991146677007561, 0.6739048089848503, 0.23893720897498105, -0.3734880058961969], [0.6628736926903713, 0.48561097609872156, 0.5698951196768385, 3.74777611100507], [0.26802453049057345, 0.5568072272515322, -0.7862115254406846, -5.586927489006964], [0.0, 0.0, 0.0, 1.0]]}, {"file_path": "data/nerfstudio/hubble_mask/img0027.png", "sharpness": 606.3195648193359, "transform_matrix": [[0.7513583918801016, 0.6562037405384342, 0.06969374329676237, -1.366134202616991], [-0.6525513257984973, 0.7545538965849528, -0.06946354689395051, 0.17252040654715128], [-0.09816992487504073, 0.006713274300364169, 0.9951470232072228, 6.521410654024449], [0.0, 0.0, 0.0, 1.0]]}, {"file_path": "data/nerfstudio/hubble_mask/img0028.png", "sharpness": 501.58397674560547, "transform_matrix": [[0.6513385678765146, 0.7047995914909421, -0.2810971466073113, -3.8978459052016987], [-0.716808637608183, 0.6930361078760061, 0.07672242325668316, 0.6132810618856073], [0.24888440498928754, 0.15152058940711066, 0.9566075809540974, 6.86905375424571], [0.0, 0.0, 0.0, 1.0]]}, {"file_path": "data/nerfstudio/hubble_mask/img0029.png", "sharpness": 150.29432678222656, "transform_matrix": [[-0.739508471043263, 0.6172629345054911, 0.26853992429604473, -0.011422974312688128], [0.6679014962177792, 0.6231237107712596, 0.40696981758443407, 3.363520236956041], [0.08387378973974763, 0.480315844794158, -0.873076100139253, -5.728479208542847], [0.0, 0.0, 0.0, 1.0]]}, {"file_path": "data/nerfstudio/hubble_mask/img0030.png", "sharpness": 335.2063636772655, "transform_matrix": [[-0.6821608852216476, 0.291197223481819, 0.6707165598895689, 1.6901447720377027], [0.7294073413508387, 0.33522965238147784, 0.5963103307403743, 4.222070626848079], [-0.05120016657315868, 0.8960051658336983, -0.4410819490097138, -2.1029653740041496], [0.0, 0.0, 0.0, 1.0]]}, {"file_path": "data/nerfstudio/hubble_mask/img0031.png", "sharpness": 707.3030966709921, "transform_matrix": [[0.9593065296966292, 0.19341540735316073, 0.20572180798306527, -1.001445534440876], [0.05819953998110569, 0.5774807255050116, -0.8143272224457399, -4.9015298857763705], [-0.27630381037437396, 0.7931623363906133, 0.5427243430176922, 2.6927352507043283], [0.0, 0.0, 0.0, 1.0]]}, {"file_path": "data/nerfstudio/hubble_mask/img0032.png", "sharpness": 584.4074859059765, "transform_matrix": [[0.6357035182342476, 0.7643771410389292, 0.10774332072918741, -0.36429339216935697], [-0.7005567423837934, 0.6298946187090129, -0.3353401556957279, -1.3460325915608713], [-0.32419328741540426, 0.13769660699734285, 0.9359157851090089, 6.008855407108494], [0.0, 0.0, 0.0, 1.0]]}, {"file_path": "data/nerfstudio/hubble_mask/img0033.png", "sharpness": 386.3438262939453, "transform_matrix": [[0.37914964288570013, 0.6662456451610723, -0.6421544118072793, -7.010249286936926], [-0.9167835760046383, 0.176336412019597, -0.358348077383154, -2.2619641152977774], [-0.12551264106771892, 0.7245841635724326, 0.677660952713261, 5.269937850769488], [0.0, 0.0, 0.0, 1.0]]}, {"file_path": "data/nerfstudio/hubble_mask/img0034.png", "sharpness": 428.6164016723633, "transform_matrix": [[0.4906783916469667, 0.8658177557894234, -0.0979506494644741, -2.8866088248756805], [-0.71832513525553, 0.33831810454108574, -0.6079061277860685, -4.062086570111237], [-0.4931974412249829, 0.3686468145793387, 0.7879440399353473, 6.241762012455061], [0.0, 0.0, 0.0, 1.0]]}, {"file_path": "data/nerfstudio/hubble_mask/img0035.png", "sharpness": 359.65052032470703, "transform_matrix": [[-0.6669613567386549, 0.5024757985424468, 0.5501641759479283, 1.3357584016595765], [0.61420610455775, 0.7887746398887263, 0.024195631680210494, 0.7467245561427831], [-0.42179783041325236, 0.3540517467087837, -0.8347059068385297, -5.232026536182287], [0.0, 0.0, 0.0, 1.0]]}, {"file_path": "data/nerfstudio/hubble_mask/img0036.png", "sharpness": 941.6146240234375, "transform_matrix": [[0.789705903309342, 0.5557279459553733, -0.25986734377870213, -3.8543948528959193], [-0.48366917027881884, 0.3034042416276134, -0.8209811202970333, -5.410129396327696], [-0.37739729728785215, 0.7740234597520894, 0.508388595223408, 2.580005052846113], [0.0, 0.0, 0.0, 1.0]]}, {"file_path": "data/nerfstudio/hubble_mask/img0037.png", "sharpness": 501.73821855237475, "transform_matrix": [[-0.8942294512029461, 0.02873968629498136, -0.4466852572370661, -4.010276836491309], [-0.42855310136151514, -0.34304923348960115, 0.8358585183603887, 4.91822342269845], [-0.12921272350161525, 0.9388776564781288, 0.31908120949286867, 0.7003187668224522], [0.0, 0.0, 0.0, 1.0]]}, {"file_path": "data/nerfstudio/hubble_mask/img0038.png", "sharpness": 183.19088745117188, "transform_matrix": [[-0.998564159291327, -0.032369844767401984, -0.042682700576921306, -3.040763806098494], [-0.04915931451671546, 0.8702985737923435, 0.49006505104043063, 3.066166746466309], [0.02128336380959267, 0.49145964799233277, -0.8706402430511703, -5.459477514317405], [0.0, 0.0, 0.0, 1.0]]}, {"file_path": "data/nerfstudio/hubble_mask/img0039.png", "sharpness": 504.3841857910156, "transform_matrix": [[0.9610634485601971, -0.22741075931652238, 0.15697577643911803, -0.22071053460874568], [0.2762510332847884, 0.7773223652715602, -0.5652037748084437, -2.9653746102365215], [0.006512637765758028, 0.5865614093986323, 0.8098785702521224, 5.21655401641362], [0.0, 0.0, 0.0, 1.0]]}, {"file_path": "data/nerfstudio/hubble_mask/img0040.png", "sharpness": 318.8190460205078, "transform_matrix": [[0.4917290736639126, 0.8251802944195319, -0.27799280533014703, -4.5530563878742125], [-0.8484760108463277, 0.3823307443652747, -0.3659394224887464, -2.8910537926198128], [-0.19568080419891123, 0.41581327974800125, 0.8881488271980534, 7.079066641746113], [0.0, 0.0, 0.0, 1.0]]}, {"file_path": "data/nerfstudio/hubble_mask/img0041.png", "sharpness": 640.5211410128977, "transform_matrix": [[-0.09929356920391724, 0.9346740640167042, -0.3413578491396455, -3.9150450835996624], [-0.9463777446377332, 0.017281624008431966, 0.32259961240836754, 3.1571820132710613], [0.30742470878110084, 0.3550855383229924, 0.8828387785460752, 4.728091995916827], [0.0, 0.0, 0.0, 1.0]]}, {"file_path": "data/nerfstudio/hubble_mask/img0042.png", "sharpness": 568.1208343505859, "transform_matrix": [[0.1118353022823138, 0.8954020297053512, 0.43098500016005314, 0.05769771029810755], [0.9645312125434435, 0.006547849604494418, -0.2638876004950433, -0.9864270778246089], [-0.23910751806017774, 0.4452104343623299, -0.862910924685745, -5.18329754559451], [0.0, 0.0, 0.0, 1.0]]}, {"file_path": "data/nerfstudio/hubble_mask/img0043.png", "sharpness": 486.9168234601966, "transform_matrix": [[-0.212041535196938, 0.6493065748232598, 0.7303693307105742, 2.0204676462115523], [0.8762322392262855, 0.45725126347305267, -0.15211293499497847, -0.7861916555918431], [-0.43273022807728045, 0.6077188938510827, -0.6658996138793005, -3.4414281039315187], [0.0, 0.0, 0.0, 1.0]]}, {"file_path": "data/nerfstudio/hubble_mask/img0044.png", "sharpness": 745.6676559448242, "transform_matrix": [[0.8760689410488596, 0.2850151596031364, -0.38893388811715596, -5.095260886265702], [-0.4817923754831753, 0.48483306538016313, -0.7299404123901851, -5.028083057392908], [-0.019476073932101656, 0.8268635059733095, 0.5620653209669835, 3.7355012163944563], [0.0, 0.0, 0.0, 1.0]]}, {"file_path": "data/nerfstudio/hubble_mask/img0045.png", "sharpness": 454.38306427001953, "transform_matrix": [[0.45725427910422467, 0.8329681642593553, -0.31158074647075973, -4.50290313366272], [-0.8854803187165956, 0.3938272171763887, -0.24662669802083115, -1.027059609209052], [-0.08272320959943685, 0.3886697317022535, 0.9176560958507636, 7.2992577757003545], [0.0, 0.0, 0.0, 1.0]]}, {"file_path": "data/nerfstudio/hubble_mask/img0046.png", "sharpness": 518.933708190918, "transform_matrix": [[-0.7863681885200559, 0.4463556947964624, 0.42707337286051117, 0.3913853455433136], [0.44458065046652007, -0.0710983489867913, 0.8929126889019545, 5.130999440571447], [0.42892087535401197, 0.8920266915816589, -0.14253162523253693, -1.1790507973039661], [0.0, 0.0, 0.0, 1.0]]}, {"file_path": "data/nerfstudio/hubble_mask/img0047.png", "sharpness": 586.9901192169054, "transform_matrix": [[0.3302358568286168, 0.3048136292768573, -0.8933268888104398, -7.779766856581629], [-0.8799077669564739, 0.4419505314033939, -0.17447650111671015, -0.46453128395806886], [0.34162347769780244, 0.8436636647381043, 0.4141557922887602, 1.9257408367201798], [0.0, 0.0, 0.0, 1.0]]}, {"file_path": "data/nerfstudio/hubble_mask/img0048.png", "sharpness": 341.8980941772461, "transform_matrix": [[0.5544297189682226, 0.782482592483374, -0.28342314511224315, -4.675942785295842], [-0.8224651782457494, 0.4631532534824876, -0.33021219596158835, -2.7294338022890363], [-0.12711694339467694, 0.41618512257057494, 0.9003506130685479, 7.1099178637806215], [0.0, 0.0, 0.0, 1.0]]}, {"file_path": "data/nerfstudio/hubble_mask/img0049.png", "sharpness": 417.18773651123047, "transform_matrix": [[0.39279768952486954, 0.8340255356109115, -0.387442100258679, -5.27392537382439], [-0.9195055586120758, 0.3629769837560757, -0.1508550196209465, -0.45031045360911137], [0.014815626393059916, 0.415510667988529, 0.9094676365887396, 6.912431415522578], [0.0, 0.0, 0.0, 1.0]]}, {"file_path": "data/nerfstudio/hubble_mask/img0050.png", "sharpness": 505.7863006591797, "transform_matrix": [[0.8197373159310836, 0.4513659981033984, -0.3525612976862689, -4.5876398078486815], [-0.5711472232196033, 0.598352604005227, -0.5619297204176877, -4.3751083690753765], [-0.04267999857825222, 0.661999166945312, 0.7482883940601202, 5.892067474849112], [0.0, 0.0, 0.0, 1.0]]}, {"file_path": "data/nerfstudio/hubble_mask/img0051.png", "sharpness": 428.87096021113393, "transform_matrix": [[-0.5969006849336275, 0.18937587732349104, 0.7796450149995987, 1.551729210888316], [0.7587943773474632, -0.18244995130695685, 0.6252544347495382, 4.160174301119425], [0.26065430215448576, 0.9648050540684616, -0.03479285001707855, -0.38518517115009654], [0.0, 0.0, 0.0, 1.0]]}, {"file_path": "data/nerfstudio/hubble_mask/img0052.png", "sharpness": 202.8274154663086, "transform_matrix": [[-0.6764293836926578, 0.6925060480385749, -0.25075618099493846, -3.0871680760998608], [0.2296244284591828, 0.5217904672581296, 0.8215882972227251, 4.813776340317109], [0.6997970496736643, 0.49816672079589774, -0.5119707096695056, -3.6100476532783485], [0.0, 0.0, 0.0, 1.0]]}, {"file_path": "data/nerfstudio/hubble_mask/img0053.png", "sharpness": 673.8189010620117, "transform_matrix": [[0.5259280358775416, 0.44510930137054705, -0.7247602437436913, -6.944950096703211], [-0.7882452095895568, -0.06500379859775857, -0.6119182917081152, -3.47232635207084], [-0.3194826922340351, 0.8931137755075136, 0.3166679544279897, 1.951522538397039], [0.0, 0.0, 0.0, 1.0]]}, {"file_path": "data/nerfstudio/hubble_mask/img0054.png", "sharpness": 268.75274658203125, "transform_matrix": [[-0.9977782240826124, -0.06660264235335309, -0.0016442560930701455, -2.0773415587228676], [-0.009383664020727697, 0.11605761015625199, 0.9931981564493391, 5.568792113543388], [-0.06595879316735831, 0.9910069218508873, -0.11642473297171387, -1.4245828367992166], [0.0, 0.0, 0.0, 1.0]]}, {"file_path": "data/nerfstudio/hubble_mask/img0055.png", "sharpness": 353.1420364379883, "transform_matrix": [[-0.7127671980915569, 0.08487548899815334, 0.6962464166457415, 2.1795554482219868], [0.6592105416898923, 0.42014357553304105, 0.6236351799435553, 3.5765195694753933], [-0.23959211808744857, 0.9034796773063778, -0.3554153762075213, -2.2776213081840417], [0.0, 0.0, 0.0, 1.0]]}, {"file_path": "data/nerfstudio/hubble_mask/img0056.png", "sharpness": 405.5802459695842, "transform_matrix": [[-0.17545721754628446, -0.21169383519094054, -0.9614574795346211, -7.046632066718713], [-0.9813696689671715, -0.04004811839485334, 0.18790881044883467, 1.2682836332515173], [-0.07828369972210106, 0.9765151654506872, -0.2007231775421991, -0.9297773356295693], [0.0, 0.0, 0.0, 1.0]]}, {"file_path": "data/nerfstudio/hubble_mask/img0057.png", "sharpness": 535.2005270542431, "transform_matrix": [[0.40866893099255863, 0.5915219572758208, 0.6950478249027051, 1.5732397186199854], [-0.8631218001212874, 0.498019277733188, 0.08365140262722554, 0.8983350246387857], [-0.29666557433714424, -0.6340966590881046, 0.7140805024200818, 3.494789364480285], [0.0, 0.0, 0.0, 1.0]]}, {"file_path": "data/nerfstudio/hubble_mask/img0058.png", "sharpness": 121.41184997558594, "transform_matrix": [[-0.3613197231495908, 0.9318829238823746, -0.03228426612979912, -1.6055690895362955], [0.7804284979320875, 0.3211808730723945, 0.5364459025735215, 3.5336629124990084], [0.5102738649770029, 0.16863292368007818, -0.8433169746735448, -5.7433512296492895], [0.0, 0.0, 0.0, 1.0]]}, {"file_path": "data/nerfstudio/hubble_mask/img0059.png", "sharpness": 1012.0429763793945, "transform_matrix": [[0.7273882526591092, 0.4976630086993862, -0.47248053892811565, -5.327035273939572], [-0.3516831418647434, -0.3208829104056647, -0.8794049838031014, -4.751543620868721], [-0.5892582605459771, 0.8058322949484371, -0.058386769018884566, 1.2128566714702764], [0.0, 0.0, 0.0, 1.0]]}, {"file_path": "data/nerfstudio/hubble_mask/img0060.png", "sharpness": 401.3850326538086, "transform_matrix": [[0.6187907630661269, 0.763301386298646, -0.18565824845291923, -3.194425842528422], [-0.7339117062596612, 0.47745408859179433, -0.48312648520031665, -3.667145334560563], [-0.28012782610635645, 0.4352109683378219, 0.8556400026175623, 6.662701013565507], [0.0, 0.0, 0.0, 1.0]]}, {"file_path": "data/nerfstudio/hubble_mask/img0061.png", "sharpness": 568.1344716731546, "transform_matrix": [[0.1690674389309501, 0.3029408269916628, -0.9378928811089978, -7.697940767356419], [-0.9718836744621785, -0.10698738613884096, -0.2097518117229809, -0.6787719491455151], [-0.16388509513443775, 0.9469849811632632, 0.2763351607088579, 1.0156091508495302], [0.0, 0.0, 0.0, 1.0]]}, {"file_path": "data/nerfstudio/hubble_mask/img0062.png", "sharpness": 596.504020690918, "transform_matrix": [[0.4249263099691284, -0.6824869949187496, -0.5946840613828445, -4.85775188845658], [-0.9018093771119318, -0.3761983555081804, -0.21263735482254842, -0.6171107904131381], [-0.07859693663883902, 0.6266468695203986, -0.7753297507972172, -4.269450249473251], [0.0, 0.0, 0.0, 1.0]]}, {"file_path": "data/nerfstudio/hubble_mask/img0063.png", "sharpness": 474.3719253540039, "transform_matrix": [[0.8125394840007465, 0.5357644120824374, -0.22964337936409362, -3.960395130574547], [-0.5570178679978153, 0.8297618215370893, -0.03502019775244336, 0.9432946484609739], [0.1717867331052345, 0.1563707589845753, 0.9726445928825281, 6.68482677227082], [0.0, 0.0, 0.0, 1.0]]}, {"file_path": "data/nerfstudio/hubble_mask/img0064.png", "sharpness": 906.1136436193336, "transform_matrix": [[-0.6083148571612391, 0.33542590986176135, 0.7193347576409128, 1.0050380066977223], [0.200340107601573, -0.8120723600582778, 0.5480897037124207, 2.3420291902596335], [0.7679953618630072, 0.47752271257269907, 0.4267964188393807, 3.407564227236156], [0.0, 0.0, 0.0, 1.0]]}, {"file_path": "data/nerfstudio/hubble_mask/img0065.png", "sharpness": 375.19209380260145, "transform_matrix": [[-0.5488684358913007, -0.5292312107091565, -0.6470376849098955, -5.880757780111833], [-0.6068684967782967, 0.7845978720721071, -0.12695198603398103, -0.6098350077074179], [0.5748513440014624, 0.32298684919241216, -0.7518147561390839, -3.198695366450621], [0.0, 0.0, 0.0, 1.0]]}, {"file_path": "data/nerfstudio/hubble_mask/img0066.png", "sharpness": 539.5614166259766, "transform_matrix": [[0.6165485769069692, -0.580456837152241, 0.531918896559624, 0.5576500570119487], [0.7662424974768486, 0.597659031998723, -0.23595787024549822, -1.591198773232995], [-0.18094277375577303, 0.5530583528648368, 0.8132565222314548, 4.990847732892093], [0.0, 0.0, 0.0, 1.0]]}, {"file_path": "data/nerfstudio/hubble_mask/img0067.png", "sharpness": 141.54910278320312, "transform_matrix": [[-0.7463415655470456, 0.6500651918932641, 0.14279185489921745, -0.6539983464094257], [0.5570964304869297, 0.4927751778082743, 0.6684431099762683, 4.167205000312464], [0.3641673168689177, 0.5784357098457855, -0.7299275956556894, -5.285726157226874], [0.0, 0.0, 0.0, 1.0]]}, {"file_path": "data/nerfstudio/hubble_mask/img0068.png", "sharpness": 191.79033660888672, "transform_matrix": [[-0.8248604660380414, 0.5070906339027159, -0.24992859095279019, -2.9036610051497247], [0.3709948593504028, 0.8191142386507876, 0.4375096323226673, 3.069822488379919], [0.42657710428840445, 0.2681621767656327, -0.8637829710345286, -5.532318314166694], [0.0, 0.0, 0.0, 1.0]]}, {"file_path": "data/nerfstudio/hubble_mask/img0069.png", "sharpness": 266.64817810058594, "transform_matrix": [[-0.9980629582203032, -0.034263843067509264, -0.051926106023677004, -2.689349851982503], [-0.061252609755214904, 0.3951986813647242, 0.9165512097235804, 5.390418115133677], [-0.010883438184342398, 0.9179564212454905, -0.39653191481576777, -2.2120101703386204], [0.0, 0.0, 0.0, 1.0]]}, {"file_path": "data/nerfstudio/hubble_mask/img0070.png", "sharpness": 317.3216857910156, "transform_matrix": [[-0.05074110080747088, 0.8969492479182198, 0.4392122349705049, 0.9097500361926891], [0.973465129309769, -0.05383943489917441, 0.22241168419768906, 1.4781553342561464], [0.22313893140095717, 0.43884320879862937, -0.8704169434153735, -5.6947342950941575], [0.0, 0.0, 0.0, 1.0]]}, {"file_path": "data/nerfstudio/hubble_mask/img0071.png", "sharpness": 281.06764221191406, "transform_matrix": [[0.010523423938969725, 0.9617833422538576, -0.273609320220638, -4.502279584012857], [-0.9020962748473192, -0.1089185557861178, -0.41756323965605047, -2.622636342012176], [-0.4314065002467981, 0.251216143526775, 0.8664749741200516, 7.1848850332146705], [0.0, 0.0, 0.0, 1.0]]}, {"file_path": "data/nerfstudio/hubble_mask/img0072.png", "sharpness": 211.33975219726562, "transform_matrix": [[-0.8353499597601363, 0.21005417321845132, 0.508003630934122, 1.0027003301202408], [0.509479614542411, 0.6428870266222598, 0.5719499920154789, 3.995610642273035], [-0.20644846110943826, 0.7365958968894021, -0.6440539710235798, -4.535460873863418], [0.0, 0.0, 0.0, 1.0]]}, {"file_path": "data/nerfstudio/hubble_mask/img0073.png", "sharpness": 594.991024752846, "transform_matrix": [[0.6410083814898277, -0.4477436886354533, -0.6234050402001171, -4.612524367653552], [-0.7634654620120204, -0.4554695890584833, -0.4578951209148978, -0.9101241112228586], [-0.07892238703032134, 0.7694628273867521, -0.6337966662072477, -4.344185675149119], [0.0, 0.0, 0.0, 1.0]]}, {"file_path": "data/nerfstudio/hubble_mask/img0074.png", "sharpness": 431.7925720214844, "transform_matrix": [[-0.21675941537606236, 0.8860594568903195, 0.40977310148551704, 0.6018092233341541], [0.9670797849357049, 0.252216943963224, -0.03381276011453527, 1.1358940380232685], [-0.13331183523805704, 0.38895404874237277, -0.911560586331143, -5.835718160896547], [0.0, 0.0, 0.0, 1.0]]}, {"file_path": "data/nerfstudio/hubble_mask/img0075.png", "sharpness": 137.32884979248047, "transform_matrix": [[-0.9529177918617532, 0.1713783528940927, 0.2501542366473694, -0.7696208937999423], [0.28124009221074453, 0.8079375525753737, 0.5178232533131429, 4.332384796519584], [-0.11336530548016949, 0.563796391703444, -0.8180965323331744, -5.129802674330219], [0.0, 0.0, 0.0, 1.0]]}, {"file_path": "data/nerfstudio/hubble_mask/img0076.png", "sharpness": 399.4895019484102, "transform_matrix": [[0.9039627404234123, 0.22248231521001965, 0.36517527756542306, 0.6442535667688092], [-0.031785821354615384, 0.8865871602263516, -0.46146816670555546, -2.532544802378169], [-0.42642821844597356, 0.4055426324575053, 0.8085135421082507, 4.37060685993853], [0.0, 0.0, 0.0, 1.0]]}, {"file_path": "data/nerfstudio/hubble_mask/img0077.png", "sharpness": 346.78431701660156, "transform_matrix": [[0.7919940937595604, 0.5594048716352564, -0.24456398966469875, -3.8436466405664085], [-0.5908298989542933, 0.601326871685626, -0.537890345600698, -3.4918729755960483], [-0.1538355809025732, 0.5705016941074944, 0.8067604545767267, 6.8480998022946755], [0.0, 0.0, 0.0, 1.0]]}, {"file_path": "data/nerfstudio/hubble_mask/img0078.png", "sharpness": 935.5379028320312, "transform_matrix": [[0.7217274141745956, 0.6545329959325097, 0.2251579376003988, -0.7928653667440879], [0.08159194625158822, 0.24257313159353727, -0.966695934684626, -4.7781646514108305], [-0.6873516523117769, 0.716062031575839, 0.12166705798922117, 0.5625937399440148], [0.0, 0.0, 0.0, 1.0]]}, {"file_path": "data/nerfstudio/hubble_mask/img0079.png", "sharpness": 383.1862030029297, "transform_matrix": [[0.3296101757282997, 0.9327169824518661, 0.14627427218155944, -1.4977717733174], [0.9425811294301617, -0.3339344723786924, 0.005346269664459613, 0.6166223522147452], [0.05383257841233499, 0.13611318379587578, -0.9892296268806497, -6.15482038187675], [0.0, 0.0, 0.0, 1.0]]}, {"file_path": "data/nerfstudio/hubble_mask/img0080.png", "sharpness": 808.572135925293, "transform_matrix": [[0.9438117861802175, -0.09246636376829576, -0.3172842319416088, -4.269488295036146], [-0.330329782603904, -0.23467341475489614, -0.914226789769439, -4.581669910723515], [0.01007705275192039, 0.9676664507870186, -0.2520319285905841, -0.6140756642101228], [0.0, 0.0, 0.0, 1.0]]}, {"file_path": "data/nerfstudio/hubble_mask/img0081.png", "sharpness": 978.3985862609552, "transform_matrix": [[-0.7823330824886131, 0.532155378451256, -0.32367514768555444, -4.463058968575764], [-0.5295801613909364, -0.2947568473155848, 0.7954013160799565, 3.8598598301622236], [0.3278716222929561, 0.793680700373883, 0.5124169641502979, 3.326207332803606], [0.0, 0.0, 0.0, 1.0]]}, {"file_path": "data/nerfstudio/hubble_mask/img0082.png", "sharpness": 450.35264587402344, "transform_matrix": [[-0.900290473885319, -0.4345059414284598, 0.026108418081446483, -2.0846381410827948], [0.42788429466664046, -0.8943975925160806, -0.13026118715515705, -1.3870154006238404], [0.0799505660328893, -0.106101523857139, 0.9911359006847716, 7.0731331240159845], [0.0, 0.0, 0.0, 1.0]]}, {"file_path": "data/nerfstudio/hubble_mask/img0083.png", "sharpness": 386.36975860595703, "transform_matrix": [[-0.8670082559895653, 0.43333025875448233, 0.24601132269411013, -1.2881463975830831], [0.4794382682152074, 0.8599723742687713, 0.17488985809741922, 0.8222758242438095], [-0.13577787381136533, 0.26957819337310274, -0.9533582572364697, -6.2089957033118655], [0.0, 0.0, 0.0, 1.0]]}, {"file_path": "data/nerfstudio/hubble_mask/img0084.png", "sharpness": 570.5862655639648, "transform_matrix": [[0.21000330047940746, 0.3663034364523487, 0.9064879515089848, 2.6040404130080455], [0.9761810752742467, -0.026884074348099585, -0.21528528705617883, -0.39814014747038406], [-0.05448965098228458, 0.9301070040536443, -0.3632242268161402, -2.3117164149647325], [0.0, 0.0, 0.0, 1.0]]}, {"file_path": "data/nerfstudio/hubble_mask/img0085.png", "sharpness": 98.51092529296875, "transform_matrix": [[-0.1904479672476616, 0.92297163026558, 0.334444227781152, -0.15304675061561546], [0.8658088210264302, -0.002658391853359178, 0.5003678830476401, 3.6573669305453347], [0.46271444455955385, 0.38485880875673284, -0.7986106937164641, -5.591994458732983], [0.0, 0.0, 0.0, 1.0]]}, {"file_path": "data/nerfstudio/hubble_mask/img0086.png", "sharpness": 241.91011810302734, "transform_matrix": [[-0.7342758750724614, 0.47422141091681946, 0.4857499281673979, 0.7162390050048226], [0.6645629401265373, 0.35610757569630935, 0.6569197006804333, 4.405252441553799], [0.13854615800138123, 0.8051716884986447, -0.5766311768741766, -4.254404992354069], [0.0, 0.0, 0.0, 1.0]]}, {"file_path": "data/nerfstudio/hubble_mask/img0087.png", "sharpness": 671.3558006286476, "transform_matrix": [[0.8939594717850534, -0.22533428926520932, 0.38737697516389813, -0.05655909428463768], [0.44793339736431914, 0.4225430369231962, -0.7879169077214814, -4.3317212870978326], [0.013861252881586544, 0.8778848671830864, 0.4786711038275522, 2.573258461675879], [0.0, 0.0, 0.0, 1.0]]}, {"file_path": "data/nerfstudio/hubble_mask/img0088.png", "sharpness": 356.5487976074219, "transform_matrix": [[-0.7987212978878093, 0.44804263788382026, 0.40162430571184493, -0.21237822221264868], [0.5298817329635893, 0.20751532146981852, 0.8222911530758319, 5.344162613745318], [0.28507830042273763, 0.8695948401372825, -0.403156516299436, -2.530655731811942], [0.0, 0.0, 0.0, 1.0]]}, {"file_path": "data/nerfstudio/hubble_mask/img0089.png", "sharpness": 610.3596037532552, "transform_matrix": [[0.6508090671198042, 0.60010140713843, 0.4651084382218049, 0.7473861271516378], [0.7236731411095823, -0.675602531216998, -0.1409198518654342, -0.9802054013754966], [0.2296622367548498, 0.4282984017757499, -0.8739655233732607, -4.786268103544441], [0.0, 0.0, 0.0, 1.0]]}, {"file_path": "data/nerfstudio/hubble_mask/img0090.png", "sharpness": 384.8620071411133, "transform_matrix": [[0.9246008431728827, 0.36252283080546505, -0.11700631584998439, -2.8429885501914853], [-0.38059750485102756, 0.8661487056295615, -0.32393202842171603, -2.2529584191035834], [-0.016087886908049243, 0.34404013847373616, 0.9388171083942847, 7.220602592635351], [0.0, 0.0, 0.0, 1.0]]}, {"file_path": "data/nerfstudio/hubble_mask/img0091.png", "sharpness": 454.73922914963623, "transform_matrix": [[0.3245243469435, -0.36926722044716664, -0.8708189640471309, -6.4378468056284035], [-0.8984330060040737, -0.40825543952584137, -0.1616961032927081, -0.975107685320981], [-0.295807508294463, 0.8348468218785922, -0.464250688783372, -2.26096556408857], [0.0, 0.0, 0.0, 1.0]]}, {"file_path": "data/nerfstudio/hubble_mask/img0092.png", "sharpness": 468.40354919433594, "transform_matrix": [[-0.3166335860491835, 0.05971983122043251, 0.9466661047827989, 2.53899985158843], [0.9483567350221923, 0.039968194264457635, 0.31467768682460795, 2.931435977701323], [-0.019044036433534695, 0.9974147007169294, -0.0692909768301514, -1.8631873905062057], [0.0, 0.0, 0.0, 1.0]]}, {"file_path": "data/nerfstudio/hubble_mask/img0093.png", "sharpness": 362.12756366781827, "transform_matrix": [[-0.4201707050541936, -0.033383761606746165, -0.9068308017900836, -5.9208696941981405], [-0.840366799412867, 0.39138657338501315, 0.37496692203248033, 3.1075138037427728], [0.34240359381705704, 0.9196206145117245, -0.1925037773817492, -1.896953689012409], [0.0, 0.0, 0.0, 1.0]]}, {"file_path": "data/nerfstudio/hubble_mask/img0094.png", "sharpness": 227.1779022216797, "transform_matrix": [[-0.664362952001327, -0.5162724717857483, -0.5404485201055845, -4.639299261652528], [-0.6902203639325977, 0.1463853410319994, 0.7086375527331994, 4.215159388580808], [-0.286736320023877, 0.8438211106669348, -0.45359477066208087, -2.662209421898254], [0.0, 0.0, 0.0, 1.0]]}, {"file_path": "data/nerfstudio/hubble_mask/img0095.png", "sharpness": 451.4503479003906, "transform_matrix": [[0.6426554454366807, 0.5839044404476711, -0.49603385255048227, -6.524748145866248], [-0.7417784691804455, 0.6362148026437827, -0.21212125673125662, -0.7287402815249], [0.19172553588631902, 0.5042681125377899, 0.841994649369388, 6.03787036754878], [0.0, 0.0, 0.0, 1.0]]}, {"file_path": "data/nerfstudio/hubble_mask/img0096.png", "sharpness": 544.6884599765181, "transform_matrix": [[-0.2290500947560975, 0.6835910049203406, 0.6929930678471622, 1.5400646924894117], [0.6443384887507604, 0.6401009889448893, -0.41844788906883135, -2.3846887179787757], [-0.729632761056279, 0.35067657740968877, -0.5870791872052844, -2.064633836639728], [0.0, 0.0, 0.0, 1.0]]}, {"file_path": "data/nerfstudio/hubble_mask/img0097.png", "sharpness": 560.9707489013672, "transform_matrix": [[0.09653319395007715, 0.9683824615530224, 0.2300364115141464, -0.7232058284924066], [0.9296525544347995, -0.005159760250721589, -0.3684012824448462, -1.163764852915611], [-0.3555664080008812, 0.24941689002684636, -0.9007573171896451, -5.3127235307468705], [0.0, 0.0, 0.0, 1.0]]}, {"file_path": "data/nerfstudio/hubble_mask/img0098.png", "sharpness": 211.03702545166016, "transform_matrix": [[-0.56319398673672, 0.7703956953835155, 0.2988360852342779, 0.08372896648204353], [0.8047629741907042, 0.42929843526856526, 0.4099504956061083, 3.0877716863124967], [0.18753423334242553, 0.47137387073374243, -0.8617642283792928, -5.831574006698517], [0.0, 0.0, 0.0, 1.0]]}, {"file_path": "data/nerfstudio/hubble_mask/img0099.png", "sharpness": 233.9074249267578, "transform_matrix": [[-0.8519707197836373, 0.4802343127700411, 0.20861662797974018, -0.6528670978354738], [0.46381321243776147, 0.5073370170428668, 0.7262826275674023, 4.968313648440917], [0.24294690078186817, 0.7155306813661677, -0.6549753029116081, -4.160344438723663], [0.0, 0.0, 0.0, 1.0]]}, {"file_path": "data/nerfstudio/hubble_mask/img0100.png", "sharpness": 239.06748962402344, "transform_matrix": [[-0.5836945692250477, 0.6330684020240009, 0.5084535851146728, 1.2148354431033015], [0.7787140744463584, 0.2590615222207987, 0.5713943629086604, 4.1288270215199665], [0.23001095651367817, 0.7294597494470964, -0.6441920783588092, -4.050353664640572], [0.0, 0.0, 0.0, 1.0]]}, {"file_path": "data/nerfstudio/hubble_mask/img0101.png", "sharpness": 557.2113952615764, "transform_matrix": [[0.08190078253887059, -0.9612793660559165, 0.2631240053941415, -0.2487283966809528], [0.991328408359258, 0.05135184606177118, -0.12095856598831078, 0.04921438095159281], [0.10276307021211946, 0.2707489026777094, 0.9571493003180827, 5.8231339757570755], [0.0, 0.0, 0.0, 1.0]]}, {"file_path": "data/nerfstudio/hubble_mask/img0102.png", "sharpness": 735.8597793579102, "transform_matrix": [[0.964155889358063, -0.053886343256924096, -0.25980701111894544, -3.339106801785326], [-0.26098320284595183, -0.01595550601195156, -0.9652114740616025, -5.031388711449083], [0.04786636447894968